       N       E                     dE             d eps       ncg     rms          rms(c)
DAV:   1    -0.195412179670E+03   -0.19541E+03   -0.66793E-05   424   0.368E-02    0.686E-02
RMM:   2    -0.195411677063E+03    0.50261E-03   -0.74319E-04   509   0.609E-02    0.376E-02
RMM:   3    -0.195411596852E+03    0.80211E-04   -0.60805E-04   520   0.554E-02
   1 F= -.19541160E+03 E0= -.19541160E+03  d E =0.000000E+00
